0.000000	0.000000	0.000000	0.000000	0.000000	0.000000	0.000000	-0.000000	-0.000007	-0.010000	-0.000000	0.000001	-0.009358	-0.000000	0.008003	0.011108	-0.000000	0.007809	-0.009358	-0.000000	0.008030	-0.006682	-0.000000	0.008001	
0.000000	0.000000	0.000000	0.000000	0.000000	0.000000	-0.000000	-0.000000	-0.000018	-0.010000	-0.000000	-0.000003	-0.009357	-0.000000	0.007999	0.011109	-0.000000	0.007783	-0.009357	-0.000000	0.008016	-0.006681	-0.000000	0.007986	
0.000000	0.000000	0.000000	0.000000	0.000000	0.000000	-0.000001	-0.000000	-0.000013	-0.010001	-0.000000	-0.000006	-0.009355	-0.000000	0.007995	0.011111	-0.000000	0.007742	-0.009355	-0.000000	0.008009	-0.006679	-0.000000	0.007974	
0.000000	0.000000	0.000000	0.000000	0.000000	0.000000	-0.000003	-0.000000	-0.000011	-0.010003	-0.000000	-0.000007	-0.009352	-0.000000	0.007994	0.011113	-0.000000	0.007692	-0.009352	-0.000000	0.008008	-0.006676	-0.000000	0.007967	
0.000000	0.000000	0.000000	0.000000	0.000000	0.000000	-0.000004	0.000000	-0.000005	-0.010004	0.000000	-0.000007	-0.009348	0.000000	0.007994	0.011116	0.000000	0.007636	-0.009348	0.000000	0.008011	-0.006672	0.000000	0.007961	
0.000000	0.000000	0.000000	0.000000	0.000000	0.000000	-0.000005	0.000000	0.000001	-0.010005	0.000000	-0.000003	-0.009344	0.000000	0.007997	0.011119	0.000000	0.007576	-0.009344	0.000000	0.008016	-0.006668	0.000000	0.007958	
0.000000	0.000000	0.000000	0.000000	0.000000	0.000000	-0.000006	0.000000	-0.000006	-0.010006	0.000000	0.000002	-0.009339	0.000000	0.008002	0.011122	0.000000	0.007514	-0.009339	0.000000	0.008025	-0.006664	0.000000	0.007958	
0.000000	0.000000	0.000000	0.000000	0.000000	0.000000	-0.000008	0.000000	-0.000045	-0.010008	0.000000	0.000009	-0.009333	0.000000	0.008009	0.011126	0.000000	0.007445	-0.009332	0.000000	0.008039	-0.006657	0.000000	0.007961	
0.000000	0.000000	0.000000	0.000000	0.000000	0.000000	-0.000012	0.000000	-0.000055	-0.010012	0.000000	0.000020	-0.009325	0.000000	0.008018	0.011132	0.000000	0.007358	-0.009323	0.000000	0.008060	-0.006649	0.000000	0.007968	
0.000000	0.000000	0.000000	0.000000	0.000000	0.000000	-0.000018	0.000000	-0.000052	-0.010018	0.000000	0.000033	-0.009315	0.000000	0.008030	0.011138	0.000000	0.007251	-0.009312	0.000000	0.008089	-0.006639	0.000000	0.007979	
0.000000	0.000000	0.000000	0.000000	0.000000	0.000000	-0.000028	0.000000	-0.000047	-0.010028	0.000000	0.000052	-0.009303	0.000000	0.008047	0.011144	0.000000	0.007127	-0.009299	0.000000	0.008124	-0.006627	0.000000	0.007993	
0.000000	0.000000	0.000000	0.000000	0.000000	0.000000	-0.000040	0.000000	-0.000030	-0.010039	0.000000	0.000074	-0.009290	0.000000	0.008066	0.011148	0.000000	0.006986	-0.009285	0.000000	0.008162	-0.006613	0.000000	0.008008	
0.000000	0.000000	0.000000	0.000000	0.000000	0.000000	-0.000051	0.000000	-0.000004	-0.010051	0.000000	0.000097	-0.009277	0.000000	0.008087	0.011152	0.000000	0.006836	-0.009270	0.000000	0.008203	-0.006600	0.000000	0.008024	
0.000000	0.000000	0.000000	0.000000	0.000000	0.000000	-0.000063	0.000000	-0.000011	-0.010062	0.000000	0.000121	-0.009264	0.000000	0.008109	0.011154	0.000000	0.006683	-0.009254	0.000000	0.008246	-0.006586	0.000000	0.008042	
0.000000	0.000000	0.000000	0.000000	0.000000	0.000000	-0.000074	0.000000	-0.000021	-0.010072	0.000000	0.000146	-0.009249	0.000000	0.008131	0.011155	0.000000	0.006532	-0.009236	0.000000	0.008290	-0.006570	0.000000	0.008061	
0.000000	0.000000	0.000000	0.000000	0.000000	0.000000	-0.000086	0.000000	-0.000040	-0.010084	0.000000	0.000170	-0.009234	0.000000	0.008153	0.011156	0.000000	0.006371	-0.009216	0.000000	0.008340	-0.006553	0.000000	0.008083	
0.000000	0.000000	0.000000	0.000000	0.000000	0.000000	-0.000099	0.000000	-0.000058	-0.010096	0.000000	0.000196	-0.009216	0.000000	0.008175	0.011155	0.000000	0.006194	-0.009193	0.000000	0.008399	-0.006532	0.000000	0.008110	
0.000000	0.000000	0.000000	0.000000	0.000000	0.000000	-0.000115	0.000000	-0.000070	-0.010111	0.000000	0.000222	-0.009196	0.000000	0.008198	0.011152	0.000000	0.005990	-0.009165	0.000000	0.008468	-0.006509	0.000000	0.008144	
0.000000	0.000000	0.000000	0.000000	0.000000	0.000000	-0.000133	0.000000	-0.000078	-0.010127	0.000000	0.000249	-0.009175	0.000000	0.008220	0.011144	0.000000	0.005767	-0.009133	0.000000	0.008548	-0.006482	0.000000	0.008184	
0.000000	0.000000	0.000000	0.000000	0.000000	0.000000	-0.000150	0.000000	-0.000089	-0.010143	0.000000	0.000275	-0.009154	0.000000	0.008241	0.011134	0.000000	0.005537	-0.009097	0.000000	0.008637	-0.006452	0.000000	0.008231	
0.000000	0.000000	0.000000	0.000000	0.000000	0.000000	-0.000166	0.000000	-0.000093	-0.010158	0.000000	0.000298	-0.009133	0.000000	0.008260	0.011119	0.000000	0.005300	-0.009058	0.000000	0.008734	-0.006420	0.000000	0.008285	
0.000000	0.000000	0.000000	0.000000	0.000000	0.000000	-0.000181	0.000000	-0.000089	-0.010173	0.000000	0.000318	-0.009113	0.000000	0.008276	0.011100	0.000000	0.005062	-0.009016	0.000000	0.008838	-0.006386	0.000000	0.008344	
0.000000	0.000000	0.000000	0.000000	0.000000	0.000000	-0.000196	0.000000	-0.000088	-0.010187	0.000000	0.000335	-0.009096	0.000000	0.008288	0.011076	0.000000	0.004822	-0.008971	0.000000	0.008950	-0.006350	0.000000	0.008410	
0.000000	0.000000	0.000000	0.000000	0.000000	0.000000	-0.000210	0.000000	-0.000085	-0.010201	0.000000	0.000347	-0.009080	0.000000	0.008296	0.011045	0.000000	0.004574	-0.008921	0.000000	0.009071	-0.006311	0.000000	0.008483	
0.000000	0.000000	0.000000	0.000000	0.000000	0.000000	-0.000225	0.000000	-0.000082	-0.010215	0.000000	0.000356	-0.009068	0.000000	0.008302	0.011007	0.000000	0.004314	-0.008867	0.000000	0.009205	-0.006269	0.000000	0.008565	
0.000000	0.000000	0.000000	0.000000	0.000000	0.000000	-0.000241	0.000000	-0.000080	-0.010231	0.000000	0.000362	-0.009059	0.000000	0.008304	0.010959	0.000000	0.004039	-0.008807	0.000000	0.009351	-0.006223	0.000000	0.008656	
0.000000	0.000000	0.000000	0.000000	0.000000	0.000000	-0.000257	0.000000	-0.000080	-0.010247	0.000000	0.000366	-0.009054	0.000000	0.008305	0.010901	0.000000	0.003755	-0.008740	0.000000	0.009509	-0.006172	0.000000	0.008757	
0.000000	0.000000	0.000000	0.000000	0.000000	0.000000	-0.000274	0.000000	-0.000083	-0.010264	0.000000	0.000368	-0.009053	0.000000	0.008304	0.010835	0.000000	0.003468	-0.008667	0.000000	0.009681	-0.006117	0.000000	0.008869	
0.000000	0.000000	0.000000	0.000000	0.000000	0.000000	-0.000292	0.000000	-0.000089	-0.010281	0.000000	0.000368	-0.009057	0.000000	0.008302	0.010759	0.000000	0.003179	-0.008586	0.000000	0.009865	-0.006057	0.000000	0.008991	
0.000000	0.000000	0.000000	0.000000	0.000000	0.000000	-0.000311	0.000000	-0.000097	-0.010300	0.000000	0.000366	-0.009067	0.000000	0.008298	0.010673	0.000000	0.002889	-0.008497	0.000000	0.010060	-0.005991	0.000000	0.009123	
0.000000	0.000000	0.000000	0.000000	0.000000	0.000000	-0.000332	0.000000	-0.000107	-0.010321	0.000000	0.000362	-0.009083	0.000000	0.008294	0.010576	0.000000	0.002599	-0.008400	0.000000	0.010267	-0.005919	0.000000	0.009264	
0.000000	0.000000	0.000000	0.000000	0.000000	0.000000	-0.000355	0.000000	-0.000116	-0.010344	0.000000	0.000356	-0.009105	0.000000	0.008288	0.010469	0.000000	0.002307	-0.008294	0.000000	0.010484	-0.005841	0.000000	0.009415	
0.000000	0.000000	0.000000	0.000000	0.000000	0.000000	-0.000383	0.000000	-0.000120	-0.010372	0.000000	0.000349	-0.009136	0.000000	0.008281	0.010347	0.000000	0.002008	-0.008178	0.000000	0.010712	-0.005756	0.000000	0.009574	
0.000000	0.000000	0.000000	0.000000	0.000000	0.000000	-0.000415	0.000000	-0.000119	-0.010404	0.000000	0.000340	-0.009174	0.000000	0.008273	0.010210	0.000000	0.001705	-0.008051	0.000000	0.010949	-0.005663	0.000000	0.009740	
0.000000	0.000000	0.000000	0.000000	0.000000	0.000000	-0.000452	0.000000	-0.000112	-0.010442	0.000000	0.000331	-0.009222	0.000000	0.008266	0.010059	0.000000	0.001401	-0.007913	0.000000	0.011194	-0.005564	0.000000	0.009913	
0.000000	0.000000	0.000000	0.000000	0.000000	0.000000	-0.000494	0.000000	-0.000100	-0.010485	0.000000	0.000322	-0.009280	0.000000	0.008259	0.009894	0.000000	0.001098	-0.007765	0.000000	0.011446	-0.005456	0.000000	0.010093	
0.000000	0.000000	0.000000	0.000000	0.000000	0.000000	-0.000537	0.000000	-0.000086	-0.010529	0.000000	0.000313	-0.009345	0.000000	0.008252	0.009724	0.000000	0.000818	-0.007609	0.000000	0.011703	-0.005342	0.000000	0.010280	
0.000000	0.000000	0.000000	0.000000	0.000000	0.000000	-0.000584	0.000000	-0.000070	-0.010577	0.000000	0.000303	-0.009417	0.000000	0.008247	0.009550	0.000000	0.000555	-0.007441	0.000000	0.011966	-0.005220	0.000000	0.010474	
0.000000	0.000000	0.000000	0.000000	0.000000	0.000000	-0.000625	0.000000	-0.000056	-0.010619	0.000000	0.000290	-0.009491	0.000000	0.008238	0.009391	0.000000	0.000343	-0.007267	0.000000	0.012234	-0.005089	0.000000	0.010679	
0.000000	0.000000	0.000000	0.000000	0.000000	0.000000	-0.000666	0.000000	-0.000044	-0.010661	0.000000	0.000277	-0.009569	0.000000	0.008230	0.009240	0.000000	0.000159	-0.007079	0.000000	0.012512	-0.004946	0.000000	0.010897	
0.000000	0.000000	0.000000	0.000000	0.000000	0.000000	-0.000705	0.000000	-0.000035	-0.010701	0.000000	0.000266	-0.009648	0.000000	0.008224	0.009096	0.000000	0.000003	-0.006876	0.000000	0.012802	-0.004787	0.000000	0.011129	
0.000000	0.000000	0.000000	0.000000	0.000000	0.000000	-0.000744	0.000000	-0.000029	-0.010740	0.000000	0.000256	-0.009728	0.000000	0.008219	0.008959	0.000000	-0.000129	-0.006654	0.000000	0.013106	-0.004612	0.000000	0.011376	
0.000000	0.000000	0.000000	0.000000	0.000000	0.000000	-0.000784	0.000000	-0.000016	-0.010780	0.000000	0.000248	-0.009811	0.000000	0.008217	0.008828	0.000000	-0.000238	-0.006413	0.000000	0.013422	-0.004420	0.000000	0.011636	
0.000000	0.000000	0.000000	0.000000	0.000000	0.000000	-0.000824	0.000000	0.000011	-0.010821	0.000000	0.000241	-0.009896	0.000000	0.008215	0.008703	0.000000	-0.000328	-0.006155	0.000000	0.013749	-0.004212	0.000000	0.011908	
0.000000	0.000000	0.000000	0.000000	0.000000	0.000000	-0.000865	0.000000	0.000052	-0.010863	0.000000	0.000235	-0.009984	0.000000	0.008215	0.008584	0.000000	-0.000395	-0.005883	0.000000	0.014083	-0.003992	0.000000	0.012190	
0.000000	0.000000	0.000000	0.000000	0.000000	0.000000	-0.000908	0.000000	0.000056	-0.010906	0.000000	0.000230	-0.010075	0.000000	0.008215	0.008473	0.000000	-0.000438	-0.005602	0.000000	0.014421	-0.003762	0.000000	0.012479	
0.000000	0.000000	0.000000	0.000000	0.000000	0.000000	-0.000954	0.000000	-0.000016	-0.010951	0.000000	0.000225	-0.010169	0.000000	0.008215	0.008373	0.000000	-0.000452	-0.005318	0.000000	0.014762	-0.003528	0.000000	0.012773	
0.000000	0.000000	0.000000	0.000000	0.000000	0.000000	-0.001001	0.000000	-0.000105	-0.010996	0.000000	0.000220	-0.010262	0.000000	0.008214	0.008288	0.000000	-0.000436	-0.005031	0.000000	0.015105	-0.003289	0.000000	0.013073	
0.000000	0.000000	0.000000	0.000000	0.000000	0.000000	-0.001048	0.000000	-0.000187	-0.011040	0.000000	0.000212	-0.010355	0.000000	0.008211	0.008216	0.000000	-0.000392	-0.004742	0.000000	0.015451	-0.003047	0.000000	0.013380	
0.000000	0.000000	0.000000	0.000000	0.000000	0.000000	-0.001094	0.000000	-0.000260	-0.011083	0.000000	0.000204	-0.010449	0.000000	0.008207	0.008155	0.000000	-0.000326	-0.004448	0.000000	0.015801	-0.002800	0.000000	0.013693	
0.000000	0.000000	0.000000	0.000000	0.000000	0.000000	-0.001141	0.000000	-0.000323	-0.011127	0.000000	0.000195	-0.010546	0.000000	0.008202	0.008098	0.000000	-0.000242	-0.004146	0.000000	0.016158	-0.002545	0.000000	0.014014	
0.000000	0.000000	0.000000	0.000000	0.000000	0.000000	-0.001188	0.000000	-0.000377	-0.011172	0.000000	0.000187	-0.010646	0.000000	0.008197	0.008044	0.000000	-0.000145	-0.003832	0.000000	0.016524	-0.002279	0.000000	0.014345	
0.000000	0.000000	0.000000	0.000000	0.000000	0.000000	-0.001237	0.000000	-0.000422	-0.011219	0.000000	0.000180	-0.010750	0.000000	0.008194	0.007989	0.000000	-0.000036	-0.003503	0.000000	0.016900	-0.002001	0.000000	0.014686	
0.000000	0.000000	0.000000	0.000000	0.000000	0.000000	-0.001288	0.000000	-0.000458	-0.011268	0.000000	0.000175	-0.010861	0.000000	0.008192	0.007933	0.000000	0.000085	-0.003158	0.000000	0.017287	-0.001708	0.000000	0.015038	
0.000000	0.000000	0.000000	0.000000	0.000000	0.000000	-0.001342	0.000000	-0.000484	-0.011320	0.000000	0.000171	-0.010976	0.000000	0.008191	0.007874	0.000000	0.000218	-0.002799	0.000000	0.017682	-0.001404	0.000000	0.015399	
0.000000	0.000000	0.000000	0.000000	0.000000	0.000000	-0.001397	0.000000	-0.000502	-0.011375	0.000000	0.000167	-0.011097	0.000000	0.008190	0.007816	0.000000	0.000365	-0.002428	0.000000	0.018084	-0.001089	0.000000	0.015768	
0.000000	0.000000	0.000000	0.000000	0.000000	0.000000	-0.001452	0.000000	-0.000512	-0.011429	0.000000	0.000163	-0.011220	0.000000	0.008188	0.007761	0.000000	0.000530	-0.002051	0.000000	0.018492	-0.000768	0.000000	0.016144	
0.000000	0.000000	0.000000	0.000000	0.000000	0.000000	-0.001506	0.000000	-0.000520	-0.011483	0.000000	0.000156	-0.011341	0.000000	0.008183	0.007717	0.000000	0.000718	-0.001671	0.000000	0.018905	-0.000443	0.000000	0.016527	
0.000000	0.000000	0.000000	0.000000	0.000000	0.000000	-0.001557	0.000000	-0.000523	-0.011534	0.000000	0.000148	-0.011458	0.000000	0.008175	0.007683	0.000000	0.000929	-0.001291	0.000000	0.019324	-0.000117	0.000000	0.016919	
0.000000	0.000000	0.000000	0.000000	0.000000	0.000000	-0.001605	0.000000	-0.000524	-0.011583	0.000000	0.000138	-0.011573	0.000000	0.008165	0.007658	0.000000	0.001161	-0.000910	0.000000	0.019748	0.000210	0.000000	0.017318	
0.000000	0.000000	0.000000	0.000000	0.000000	0.000000	-0.001651	0.000000	-0.000490	-0.011632	0.000000	0.000125	-0.011687	0.000000	0.008153	0.007638	0.000000	0.001410	-0.000527	0.000000	0.020178	0.000540	0.000000	0.017724	
0.000000	0.000000	0.000000	0.000000	0.000000	0.000000	-0.001707	0.000000	-0.000400	-0.011693	0.000000	0.000121	-0.011813	0.000000	0.008148	0.007599	0.000000	0.001660	-0.000133	0.000000	0.020610	0.000878	0.000000	0.018133	
0.000000	0.000000	0.000000	0.000000	0.000000	0.000000	-0.001771	0.000000	-0.000290	-0.011762	0.000000	0.000125	-0.011949	-0.000000	0.008151	0.007545	0.000000	0.001915	0.000272	0.000000	0.021046	0.001223	0.000000	0.018545	
0.000000	0.000000	0.000000	0.000000	0.000000	0.000000	-0.001837	0.000000	-0.000178	-0.011832	0.000000	0.000131	-0.012082	-0.000000	0.008155	0.007496	0.000000	0.002189	0.000678	0.000000	0.021487	0.001569	0.000000	0.018964	
0.000000	0.000000	0.000000	0.000000	0.000000	0.000000	-0.001912	0.000000	-0.000050	-0.011910	0.000000	0.000144	-0.012221	-0.000000	0.008166	0.007439	0.000000	0.002473	0.001093	0.000000	0.021931	0.001923	0.000000	0.019387	
0.000000	0.000000	0.000000	0.000000	0.000000	0.000000	-0.001970	0.000000	0.000028	-0.011969	0.000000	0.000142	-0.012338	-0.000000	0.008161	0.007412	0.000000	0.002792	0.001490	0.000000	0.022384	0.002265	0.000000	0.019822	
0.000000	0.000000	0.000000	0.000000	0.000000	0.000000	-0.002024	0.000000	0.000053	-0.012023	0.000000	0.000136	-0.012449	-0.000000	0.008153	0.007393	0.000000	0.003132	0.001884	0.000000	0.022844	0.002604	0.000000	0.020267	
0.000000	0.000000	0.000000	0.000000	0.000000	0.000000	-0.002074	0.000000	0.000056	-0.012073	0.000000	0.000126	-0.012555	-0.000000	0.008140	0.007377	0.000000	0.003489	0.002275	0.000000	0.023310	0.002942	0.000000	0.020718	
0.000000	0.000000	0.000000	0.000000	0.000000	0.000000	-0.002121	0.000000	0.000139	-0.012121	0.000000	0.000113	-0.012660	-0.000000	0.008123	0.007358	0.000000	0.003858	0.002667	0.000000	0.023781	0.003280	0.000000	0.021176	
0.000000	0.000000	0.000000	0.000000	0.000000	0.000000	-0.002165	0.000000	0.000242	-0.012164	0.000000	0.000098	-0.012765	-0.000000	0.008103	0.007334	0.000000	0.004240	0.003061	0.000000	0.024256	0.003620	0.000000	0.021639	
0.000000	0.000000	0.000000	0.000000	0.000000	0.000000	-0.002208	0.000000	0.000279	-0.012206	0.000000	0.000082	-0.012874	-0.000000	0.008082	0.007301	0.000000	0.004634	0.003457	0.000000	0.024737	0.003960	0.000000	0.022108	
0.000000	0.000000	0.000000	0.000000	0.000000	0.000000	-0.002252	0.000000	0.000323	-0.012248	0.000000	0.000067	-0.012987	-0.000000	0.008060	0.007255	0.000000	0.005036	0.003859	0.000000	0.025219	0.004303	0.000000	0.022581	
0.000000	0.000000	0.000000	0.000000	0.000000	0.000000	-0.002297	0.000000	0.000449	-0.012290	0.000000	0.000052	-0.013106	-0.000000	0.008038	0.007197	0.000000	0.005445	0.004265	0.000000	0.025701	0.004649	0.000000	0.023053	
0.000000	0.000000	0.000000	0.000000	0.000000	0.000000	-0.002346	0.000000	0.000614	-0.012330	0.000000	0.000040	-0.013229	-0.000000	0.008017	0.007125	0.000000	0.005861	0.004678	0.000000	0.026182	0.004998	0.000000	0.023525	
0.000000	0.000000	0.000000	0.000000	0.000000	0.000000	-0.002397	0.000000	0.000755	-0.012371	0.000000	0.000034	-0.013357	-0.000000	0.008001	0.007038	0.000000	0.006284	0.005098	0.000000	0.026659	0.005351	0.000000	0.023995	
0.000000	0.000000	0.000000	0.000000	0.000000	0.000000	-0.002452	0.000000	0.000923	-0.012413	0.000000	0.000037	-0.013490	-0.000000	0.007992	0.006937	0.000000	0.006713	0.005522	0.000000	0.027131	0.005707	0.000000	0.024461	
0.000000	0.000000	0.000000	0.000000	0.000000	0.000000	-0.002515	0.000000	0.001124	-0.012458	0.000000	0.000054	-0.013626	-0.000000	0.007996	0.006824	0.000000	0.007147	0.005953	0.000000	0.027595	0.006067	0.000000	0.024922	
0.000000	0.000000	0.000000	0.000000	0.000000	0.000000	-0.002588	0.000000	0.001362	-0.012506	0.000000	0.000086	-0.013765	-0.000000	0.008015	0.006698	0.000000	0.007586	0.006389	0.000000	0.028051	0.006429	0.000000	0.025376	
0.000000	0.000000	0.000000	0.000000	0.000000	0.000000	-0.002678	0.000000	0.001685	-0.012557	0.000000	0.000137	-0.013904	-0.000000	0.008051	0.006563	0.000000	0.008031	0.006829	0.000000	0.028496	0.006794	0.000000	0.025821	
0.000000	0.000000	0.000000	0.000000	0.000000	0.000000	-0.002781	0.000000	0.002040	-0.012612	0.000000	0.000210	-0.014044	-0.000000	0.008109	0.006420	0.000000	0.008482	0.007274	0.000000	0.028931	0.007162	0.000000	0.026257	
0.000000	0.000000	0.000000	0.000000	0.000000	0.000000	-0.002884	0.000000	0.002354	-0.012673	0.000000	0.000313	-0.014185	-0.000000	0.008197	0.006269	0.000000	0.008941	0.007722	0.000000	0.029356	0.007532	0.000000	0.026687	
0.000000	0.000000	0.000000	0.000000	0.000000	0.000000	-0.002993	0.000000	0.002663	-0.012743	0.000000	0.000442	-0.014327	-0.000000	0.008312	0.006111	0.000000	0.009407	0.008172	0.000000	0.029770	0.007902	0.000000	0.027108	
0.000000	0.000000	0.000000	0.000000	0.000000	0.000000	-0.003104	0.000000	0.002970	-0.012818	0.000000	0.000596	-0.014465	-0.000000	0.008453	0.005952	0.000000	0.009881	0.008624	0.000000	0.030173	0.008274	0.000000	0.027520	
0.000000	0.000000	0.000000	0.000000	0.000000	0.000000	-0.003216	0.000000	0.003268	-0.012899	0.000000	0.000771	-0.014602	-0.000000	0.008616	0.005790	0.000000	0.010363	0.009075	0.000000	0.030565	0.008645	0.000000	0.027924	
0.000000	0.000000	0.000000	0.000000	0.000000	0.000000	-0.003328	0.000000	0.003557	-0.012985	0.000000	0.000963	-0.014733	-0.000000	0.008799	0.005631	0.000000	0.010854	0.009526	0.000000	0.030947	0.009017	0.000000	0.028320	
0.000000	0.000000	0.000000	0.000000	0.000000	0.000000	-0.003419	0.000000	0.003755	-0.013080	0.000000	0.001173	-0.014859	-0.000000	0.009001	0.005472	0.000000	0.011355	0.009976	0.000000	0.031320	0.009387	0.000000	0.028710	
0.000000	0.000000	0.000000	0.000000	0.000000	0.000000	-0.003485	0.000000	0.003840	-0.013182	0.000000	0.001398	-0.014981	-0.000000	0.009221	0.005314	0.000000	0.011866	0.010424	0.000000	0.031685	0.009756	0.000000	0.029094	
0.000000	0.000000	0.000000	0.000000	0.000000	0.000000	-0.003537	0.000000	0.003858	-0.013285	-0.000000	0.001627	-0.015093	-0.000000	0.009449	0.005162	0.000000	0.012387	0.010869	0.000000	0.032043	0.010123	0.000000	0.029473	
0.000000	0.000000	0.000000	0.000000	0.000000	0.000000	-0.003584	0.000000	0.003825	-0.013388	-0.000000	0.001854	-0.015192	-0.000000	0.009676	0.005017	0.000000	0.012916	0.011309	0.000000	0.032392	0.010487	0.000000	0.029845	
0.000000	0.000000	0.000000	0.000000	0.000000	0.000000	-0.003622	0.000000	0.003723	-0.013485	-0.000000	0.002076	-0.015277	-0.000000	0.009901	0.004880	0.000000	0.013453	0.011745	0.000000	0.032734	0.010848	0.000000	0.030213	
0.000000	0.000000	0.000000	0.000000	0.000000	0.000000	-0.003654	0.000000	0.003553	-0.013574	-0.000000	0.002288	-0.015344	-0.000000	0.010119	0.004753	0.000000	0.013996	0.012176	0.000000	0.033069	0.011205	0.000000	0.030576	
0.000000	0.000000	0.000000	0.000000	0.000000	0.000000	-0.003686	0.000000	0.003326	-0.013651	-0.000000	0.002488	-0.015390	-0.000000	0.010325	0.004637	0.000000	0.014544	0.012600	0.000000	0.033399	0.011559	0.000000	0.030933	
0.000000	0.000000	0.000000	0.000000	0.000000	0.000000	-0.003722	0.000000	0.003057	-0.013714	-0.000000	0.002670	-0.015413	-0.000000	0.010516	0.004535	0.000000	0.015095	0.013018	0.000000	0.033722	0.011909	0.000000	0.031286	
0.000000	0.000000	0.000000	0.000000	0.000000	0.000000	-0.003765	0.000000	0.002765	-0.013765	-0.000000	0.002832	-0.015410	-0.000000	0.010689	0.004447	0.000000	0.015646	0.013427	0.000000	0.034038	0.012253	0.000000	0.031634	
0.000000	0.000000	0.000000	0.000000	0.000000	0.000000	-0.003816	0.000000	0.002461	-0.013803	-0.000000	0.002972	-0.015379	-0.000000	0.010843	0.004376	0.000000	0.016196	0.013828	0.000000	0.034349	0.012592	0.000000	0.031976	
0.000000	0.000000	0.000000	0.000000	0.000000	0.000000	-0.003874	0.000000	0.002146	-0.013829	-0.000000	0.003089	-0.015318	-0.000000	0.010978	0.004321	0.000000	0.016740	0.014220	0.000000	0.034655	0.012926	0.000000	0.032313	
0.000000	0.000000	0.000000	0.000000	0.000000	0.000000	-0.003939	0.000000	0.001875	-0.013854	-0.000000	0.003179	-0.015222	-0.000000	0.011089	0.004288	0.000000	0.017276	0.014603	0.000000	0.034954	0.013254	0.000000	0.032643	
0.000000	0.000000	0.000000	0.000000	0.000000	0.000000	-0.004010	0.000000	0.001644	-0.013881	-0.000000	0.003245	-0.015095	-0.000000	0.011180	0.004272	0.000000	0.017801	0.014974	0.000000	0.035248	0.013574	0.000000	0.032967	
0.000000	0.000000	0.000000	0.000000	0.000000	0.000000	-0.004084	0.000000	0.001368	-0.013896	-0.000000	0.003300	-0.014937	-0.000000	0.011260	0.004275	0.000000	0.018316	0.015336	0.000000	0.035537	0.013890	0.000000	0.033285	
0.000000	0.000000	0.000000	0.000000	0.000000	0.000000	-0.004167	0.000000	0.001034	-0.013895	-0.000000	0.003349	-0.014751	-0.000000	0.011331	0.004297	0.000000	0.018819	0.015690	0.000000	0.035822	0.014200	0.000000	0.033599	
0.000000	0.000000	0.000000	0.000000	0.000000	0.000000	-0.004255	0.000000	0.000702	-0.013888	-0.000000	0.003388	-0.014535	-0.000000	0.011389	0.004340	0.000000	0.019305	0.016035	0.000000	0.036102	0.014506	0.000000	0.033906	
0.000000	0.000000	0.000000	0.000000	0.000000	0.000000	-0.004353	0.000000	0.000362	-0.013873	-0.000000	0.003422	-0.014293	-0.000000	0.011439	0.004401	0.000000	0.019773	0.016367	0.000000	0.036378	0.014803	0.000000	0.034207	
0.000000	0.000000	0.000000	0.000000	0.000000	0.000000	-0.004469	0.000000	-0.000044	-0.013835	-0.000000	0.003460	-0.014026	-0.000000	0.011485	0.004481	0.000000	0.020225	0.016693	0.000000	0.036650	0.015096	0.000000	0.034502	
0.000000	0.000000	0.000000	0.000000	0.000000	0.000000	-0.004582	0.000000	-0.000444	-0.013771	-0.000000	0.003501	-0.013737	-0.000000	0.011528	0.004582	0.000000	0.020657	0.017011	0.000000	0.036918	0.015386	0.000000	0.034792	
0.000000	0.000000	0.000000	0.000000	0.000000	0.000000	-0.004684	0.000000	-0.000806	-0.013687	-0.000000	0.003546	-0.013429	-0.000000	0.011570	0.004700	0.000000	0.021070	0.017320	0.000000	0.037183	0.015670	0.000000	0.035076	
0.000000	0.000000	0.000000	0.000000	0.000000	0.000000	-0.004773	0.000000	-0.001132	-0.013583	-0.000000	0.003599	-0.013106	-0.000000	0.011612	0.004835	0.000000	0.021462	0.017621	0.000000	0.037444	0.015949	0.000000	0.035355	
0.000000	0.000000	0.000000	0.000000	0.000000	0.000000	-0.004852	0.000000	-0.001415	-0.013471	-0.000000	0.003655	-0.012767	-0.000000	0.011652	0.004989	0.000000	0.021832	0.017914	0.000000	0.037702	0.016224	0.000000	0.035627	
0.000000	0.000000	0.000000	0.000000	0.000000	0.000000	-0.004910	0.000000	-0.001622	-0.013369	-0.000000	0.003711	-0.012410	-0.000000	0.011682	0.005163	0.000000	0.022175	0.018199	0.000000	0.037953	0.016495	0.000000	0.035890	
0.000000	0.000000	0.000000	0.000000	0.000000	0.000000	-0.004949	0.000000	-0.001767	-0.013274	-0.000000	0.003773	-0.012042	-0.000000	0.011706	0.005352	0.000000	0.022492	0.018476	0.000000	0.038198	0.016760	0.000000	0.036145	
0.000000	0.000000	0.000000	0.000000	0.000000	0.000000	-0.004983	0.000000	-0.001895	-0.013170	-0.000000	0.003847	-0.011665	-0.000000	0.011732	0.005559	0.000000	0.022788	0.018747	0.000000	0.038440	0.017022	0.000000	0.036394	
0.000000	0.000000	0.000000	0.000000	0.000000	0.000000	-0.005011	0.000000	-0.002007	-0.013057	-0.000000	0.003932	-0.011283	-0.000000	0.011761	0.005780	0.000000	0.023063	0.019012	0.000000	0.038677	0.017282	0.000000	0.036636	
0.000000	0.000000	0.000000	0.000000	0.000000	0.000000	-0.005035	0.000000	-0.002103	-0.012937	-0.000000	0.004025	-0.010896	-0.000000	0.011789	0.006017	0.000000	0.023315	0.019273	0.000000	0.038909	0.017539	0.000000	0.036870	
0.000000	0.000000	0.000000	0.000000	0.000000	0.000000	-0.005055	0.000000	-0.002185	-0.012812	-0.000000	0.004126	-0.010506	-0.000000	0.011816	0.006267	0.000000	0.023544	0.019527	0.000000	0.039135	0.017794	0.000000	0.037097	
0.000000	0.000000	0.000000	0.000000	0.000000	0.000000	-0.005045	0.000000	-0.002210	-0.012690	-0.000000	0.004236	-0.010113	-0.000000	0.011838	0.006531	0.000000	0.023750	0.019777	0.000000	0.039353	0.018045	0.000000	0.037313	
0.000000	0.000000	0.000000	0.000000	0.000000	0.000000	-0.005007	0.000000	-0.002184	-0.012574	-0.000000	0.004355	-0.009719	-0.000000	0.011858	0.006805	0.000000	0.023934	0.020020	0.000000	0.039563	0.018293	0.000000	0.037520	
0.000000	0.000000	0.000000	0.000000	0.000000	0.000000	-0.004972	0.000000	-0.002154	-0.012452	-0.000000	0.004482	-0.009326	-0.000000	0.011877	0.007091	0.000000	0.024099	0.020261	0.000000	0.039766	0.018539	0.000000	0.037718	
0.000000	0.000000	0.000000	0.000000	0.000000	0.000000	-0.004900	0.000000	-0.002071	-0.012333	-0.000000	0.004619	-0.008935	-0.000000	0.011892	0.007385	0.000000	0.024243	0.020497	0.000000	0.039959	0.018783	0.000000	0.037904	
0.000000	0.000000	0.000000	0.000000	0.000000	0.000000	-0.004797	0.000000	-0.001939	-0.012217	-0.000000	0.004765	-0.008548	-0.000000	0.011906	0.007686	0.000000	0.024370	0.020729	0.000000	0.040142	0.019024	0.000000	0.038080	
0.000000	0.000000	0.000000	0.000000	0.000000	0.000000	-0.004702	0.000000	-0.001816	-0.012094	-0.000000	0.004919	-0.008164	-0.000000	0.011919	0.007994	0.000000	0.024482	0.020960	0.000000	0.040318	0.019265	0.000000	0.038247	
0.000000	0.000000	0.000000	0.000000	0.000000	0.000000	-0.004614	0.000000	-0.001702	-0.011965	-0.000000	0.005078	-0.007784	-0.000000	0.011932	0.008306	0.000000	0.024581	0.021190	0.000000	0.040484	0.019506	0.000000	0.038405	
0.000000	0.000000	0.000000	0.000000	0.000000	0.000000	-0.004532	0.000000	-0.001594	-0.011830	-0.000000	0.005242	-0.007409	-0.000000	0.011943	0.008621	0.000000	0.024668	0.021420	0.000000	0.040640	0.019746	0.000000	0.038552	
0.000000	0.000000	0.000000	0.000000	0.000000	0.000000	-0.004429	0.000000	-0.001462	-0.011693	-0.000000	0.005410	-0.007040	-0.000000	0.011952	0.008937	0.000000	0.024744	0.021648	0.000000	0.040785	0.019986	0.000000	0.038688	
0.000000	0.000000	0.000000	0.000000	0.000000	0.000000	-0.004306	0.000000	-0.001307	-0.011555	-0.000000	0.005582	-0.006678	-0.000000	0.011959	0.009252	0.000000	0.024810	0.021877	0.000000	0.040919	0.020226	0.000000	0.038813	
0.000000	0.000000	0.000000	0.000000	0.000000	0.000000	-0.004194	0.000000	-0.001165	-0.011411	-0.000000	0.005758	-0.006318	-0.000000	0.011963	0.009567	0.000000	0.024869	0.022107	0.000000	0.041044	0.020468	0.000000	0.038929	
0.000000	0.000000	0.000000	0.000000	0.000000	0.000000	-0.004063	0.000000	-0.001001	-0.011266	-0.000000	0.005936	-0.005965	-0.000000	0.011965	0.009880	0.000000	0.024920	0.022339	0.000000	0.041158	0.020710	0.000000	0.039035	
0.000000	0.000000	0.000000	0.000000	0.000000	0.000000	-0.003879	0.000000	-0.000773	-0.011125	-0.000000	0.006119	-0.005624	0.000000	0.011966	0.010186	0.000000	0.024963	0.022572	0.000000	0.041257	0.020952	0.000000	0.039127	
0.000000	0.000000	0.000000	0.000000	0.000000	0.000000	-0.003675	0.000000	-0.000521	-0.010984	-0.000000	0.006304	-0.005290	0.000000	0.011963	0.010488	0.000000	0.024999	0.022806	0.000000	0.041345	0.021195	0.000000	0.039207	
0.000000	0.000000	0.000000	0.000000	0.000000	0.000000	-0.003490	0.000000	-0.000294	-0.010838	-0.000000	0.006489	-0.004960	0.000000	0.011956	0.010787	0.000000	0.025030	0.023043	0.000000	0.041422	0.021441	0.000000	0.039279	
0.000000	0.000000	0.000000	0.000000	0.000000	0.000000	-0.003316	0.000000	-0.000103	-0.010679	-0.000000	0.006664	-0.004674	0.000000	0.011991	0.011067	0.000000	0.025072	0.023288	0.000000	0.041490	0.021690	0.000000	0.039344	
0.000000	0.000000	0.000000	0.000000	0.000000	0.000000	-0.003103	0.000000	0.000070	-0.010499	-0.000000	0.006801	-0.004408	0.000000	0.012031	0.011335	0.000000	0.025109	0.023535	0.000000	0.041543	0.021940	0.000000	0.039394	
0.000000	0.000000	0.000000	0.000000	0.000000	0.000000	-0.002866	0.000000	0.000191	-0.010287	-0.000000	0.006893	-0.004194	0.000000	0.012120	0.011580	0.000000	0.025161	0.023792	0.000000	0.041586	0.022195	0.000000	0.039439	
0.000000	0.000000	0.000000	0.000000	0.000000	0.000000	-0.002606	0.000000	0.000255	-0.010046	-0.000000	0.006938	-0.003994	0.000000	0.012212	0.011816	0.000000	0.025209	0.024051	0.000000	0.041617	0.022452	0.000000	0.039472	
0.000000	0.000000	0.000000	0.000000	0.000000	0.000000	-0.002370	0.000000	0.000280	-0.009802	-0.000000	0.006970	-0.003797	0.000000	0.012297	0.012048	0.000000	0.025253	0.024313	0.000000	0.041638	0.022710	0.000000	0.039496	
0.000000	0.000000	0.000000	0.000000	0.000000	0.000000	-0.002142	0.000000	0.000290	-0.009561	-0.000000	0.006995	-0.003601	0.000000	0.012373	0.012275	0.000000	0.025290	0.024577	0.000000	0.041647	0.022969	0.000000	0.039509	
0.000000	0.000000	0.000000	0.000000	0.000000	0.000000	-0.001935	0.000000	0.000270	-0.009320	-0.000000	0.007012	-0.003406	0.000000	0.012441	0.012500	0.000000	0.025320	0.024843	0.000000	0.041647	0.023229	0.000000	0.039512	
0.000000	0.000000	0.000000	0.000000	0.000000	0.000000	-0.001750	0.000000	0.000217	-0.009080	-0.000000	0.007021	-0.003212	0.000000	0.012499	0.012723	0.000000	0.025344	0.025110	0.000000	0.041636	0.023491	0.000000	0.039506	
0.000000	0.000000	0.000000	0.000000	0.000000	0.000000	-0.001527	0.000000	0.000194	-0.008838	-0.000000	0.007017	-0.003023	0.000000	0.012551	0.012942	0.000000	0.025359	0.025379	0.000000	0.041614	0.023753	0.000000	0.039489	
0.000000	0.000000	0.000000	0.000000	0.000000	0.000000	-0.001278	0.000000	0.000188	-0.008597	-0.000000	0.007003	-0.002838	0.000000	0.012596	0.013157	0.000000	0.025365	0.025646	0.000000	0.041580	0.024014	0.000000	0.039460	
0.000000	0.000000	0.000000	0.000000	0.000000	0.000000	-0.001056	0.000000	0.000144	-0.008354	-0.000000	0.006981	-0.002652	0.000000	0.012632	0.013374	0.000000	0.025362	0.025915	0.000000	0.041537	0.024276	0.000000	0.039422	
0.000000	0.000000	0.000000	0.000000	0.000000	0.000000	-0.000862	0.000000	0.000062	-0.008110	-0.000000	0.006951	-0.002465	0.000000	0.012658	0.013592	0.000000	0.025350	0.026185	0.000000	0.041485	0.024538	0.000000	0.039375	
0.000000	0.000000	0.000000	0.000000	0.000000	0.000000	-0.000687	0.000000	-0.000050	-0.007865	-0.000000	0.006913	-0.002276	0.000000	0.012676	0.013812	0.000000	0.025328	0.026454	0.000000	0.041424	0.024801	0.000000	0.039320	
0.000000	0.000000	0.000000	0.000000	0.000000	0.000000	-0.000525	0.000000	-0.000161	-0.007629	-0.000000	0.006877	-0.002085	0.000000	0.012683	0.014034	0.000000	0.025296	0.026723	0.000000	0.041355	0.025064	0.000000	0.039255	
0.000000	0.000000	0.000000	0.000000	0.000000	0.000000	-0.000379	0.000000	-0.000264	-0.007408	-0.000000	0.006849	-0.001888	0.000000	0.012678	0.014260	0.000000	0.025253	0.026993	0.000000	0.041278	0.025328	0.000000	0.039183	
0.000000	0.000000	0.000000	0.000000	0.000000	0.000000	-0.000247	0.000000	-0.000360	-0.007200	-0.000000	0.006828	-0.001687	0.000000	0.012663	0.014491	0.000000	0.025201	0.027262	0.000000	0.041194	0.025593	0.000000	0.039103	
0.000000	0.000000	0.000000	0.000000	0.000000	0.000000	-0.000127	0.000000	-0.000447	-0.007006	-0.000000	0.006811	-0.001481	0.000000	0.012635	0.014724	0.000000	0.025137	0.027532	0.000000	0.041102	0.025857	0.000000	0.039014	
0.000000	0.000000	0.000000	0.000000	0.000000	0.000000	-0.000018	0.000000	-0.000526	-0.006825	-0.000000	0.006799	-0.001272	0.000000	0.012596	0.014960	0.000000	0.025063	0.027800	0.000000	0.041001	0.026122	0.000000	0.038917	
0.000000	0.000000	0.000000	0.000000	0.000000	0.000000	0.000110	0.000000	-0.000563	-0.006663	-0.000000	0.006795	-0.001060	0.000000	0.012544	0.015198	0.000000	0.024977	0.028068	0.000000	0.040891	0.026385	0.000000	0.038810	
0.000000	0.000000	0.000000	0.000000	0.000000	0.000000	0.000255	0.000000	-0.000560	-0.006518	-0.000000	0.006797	-0.000847	0.000000	0.012480	0.015436	0.000000	0.024880	0.028334	0.000000	0.040771	0.026648	0.000000	0.038694	
0.000000	0.000000	0.000000	0.000000	0.000000	0.000000	0.000387	0.000000	-0.000557	-0.006383	-0.000000	0.006803	-0.000628	0.000000	0.012401	0.015676	0.000000	0.024773	0.028600	0.000000	0.040643	0.026910	0.000000	0.038568	
0.000000	0.000000	0.000000	0.000000	0.000000	0.000000	0.000507	0.000000	-0.000554	-0.006256	-0.000000	0.006812	-0.000404	0.000000	0.012306	0.015919	0.000000	0.024655	0.028865	0.000000	0.040507	0.027172	0.000000	0.038434	
0.000000	0.000000	0.000000	0.000000	0.000000	0.000000	0.000616	0.000000	-0.000551	-0.006138	-0.000000	0.006823	-0.000175	0.000000	0.012197	0.016163	0.000000	0.024526	0.029129	0.000000	0.040361	0.027434	0.000000	0.038291	
0.000000	0.000000	0.000000	0.000000	0.000000	0.000000	0.000716	0.000000	-0.000548	-0.006026	-0.000000	0.006837	0.000059	0.000000	0.012073	0.016408	0.000000	0.024387	0.029393	0.000000	0.040207	0.027695	0.000000	0.038139	
0.000000	0.000000	0.000000	0.000000	0.000000	0.000000	0.000808	0.000000	-0.000544	-0.005919	-0.000000	0.006855	0.000298	0.000000	0.011934	0.016654	0.000000	0.024238	0.029656	0.000000	0.040044	0.027957	0.000000	0.037978	
0.000000	0.000000	0.000000	0.000000	0.000000	0.000000	0.000891	0.000000	-0.000541	-0.005815	-0.000000	0.006878	0.000543	0.000000	0.011779	0.016902	0.000000	0.024079	0.029919	0.000000	0.039873	0.028218	0.000000	0.037808	
0.000000	0.000000	0.000000	0.000000	0.000000	0.000000	0.000969	0.000000	-0.000545	-0.005708	-0.000000	0.006900	0.000767	0.000000	0.011645	0.017143	0.000000	0.023923	0.030187	0.000000	0.039694	0.028482	0.000000	0.037632	
0.000000	0.000000	0.000000	0.000000	0.000000	0.000000	0.001043	0.000000	-0.000550	-0.005603	-0.000000	0.006922	0.000975	0.000000	0.011524	0.017376	0.000000	0.023767	0.030457	0.000000	0.039508	0.028747	0.000000	0.037450	
0.000000	0.000000	0.000000	0.000000	0.000000	0.000000	0.001111	0.000000	-0.000568	-0.005495	-0.000000	0.006940	0.001146	0.000000	0.011450	0.017597	0.000000	0.023627	0.030737	0.000000	0.039318	0.029019	0.000000	0.037267	
0.000000	0.000000	0.000000	0.000000	0.000000	0.000000	0.001172	0.000000	-0.000592	-0.005388	-0.000000	0.006955	0.001296	0.000000	0.011401	0.017808	0.000000	0.023494	0.031024	0.000000	0.039123	0.029296	0.000000	0.037079	
0.000000	0.000000	0.000000	0.000000	0.000000	0.000000	0.001228	0.000000	-0.000620	-0.005284	-0.000000	0.006969	0.001430	0.000000	0.011371	0.018013	0.000000	0.023367	0.031316	0.000000	0.038921	0.029576	0.000000	0.036887	
0.000000	0.000000	0.000000	0.000000	0.000000	0.000000	0.001278	0.000000	-0.000651	-0.005181	-0.000000	0.006982	0.001553	0.000000	0.011352	0.018212	0.000000	0.023242	0.031612	0.000000	0.038713	0.029860	0.000000	0.036690	
0.000000	0.000000	0.000000	0.000000	0.000000	0.000000	0.001325	0.000000	-0.000682	-0.005084	-0.000000	0.006995	0.001664	0.000000	0.011344	0.018405	0.000000	0.023119	0.031911	0.000000	0.038497	0.030145	0.000000	0.036486	
0.000000	0.000000	0.000000	0.000000	0.000000	0.000000	0.001368	0.000000	-0.000712	-0.004990	-0.000000	0.007007	0.001767	0.000000	0.011342	0.018592	0.000000	0.022996	0.032214	0.000000	0.038272	0.030433	0.000000	0.036274	
0.000000	0.000000	0.000000	0.000000	0.000000	0.000000	0.001409	0.000000	-0.000740	-0.004901	-0.000000	0.007018	0.001862	0.000000	0.011343	0.018774	0.000000	0.022871	0.032518	0.000000	0.038037	0.030721	0.000000	0.036054	
0.000000	0.000000	0.000000	0.000000	0.000000	0.000000	0.001451	0.000000	-0.000764	-0.004818	-0.000000	0.007028	0.001948	0.000000	0.011348	0.018950	0.000000	0.022744	0.032823	0.000000	0.037791	0.031009	0.000000	0.035824	
0.000000	0.000000	0.000000	0.000000	0.000000	0.000000	0.001491	0.000000	-0.000785	-0.004739	-0.000000	0.007037	0.002030	0.000000	0.011353	0.019122	0.000000	0.022612	0.033128	0.000000	0.037536	0.031297	0.000000	0.035585	
0.000000	0.000000	0.000000	0.000000	0.000000	0.000000	0.001527	0.000000	-0.000804	-0.004664	-0.000000	0.007049	0.002111	0.000000	0.011355	0.019293	0.000000	0.022477	0.033436	0.000000	0.037271	0.031587	0.000000	0.035337	
0.000000	0.000000	0.000000	0.000000	0.000000	0.000000	0.001560	0.000000	-0.000822	-0.004591	-0.000000	0.007063	0.002192	0.000000	0.011355	0.019464	0.000000	0.022336	0.033744	0.000000	0.036998	0.031877	0.000000	0.035081	
0.000000	0.000000	0.000000	0.000000	0.000000	0.000000	0.001589	0.000000	-0.000838	-0.004521	-0.000000	0.007078	0.002274	0.000000	0.011351	0.019636	0.000000	0.022191	0.034054	0.000000	0.036717	0.032169	0.000000	0.034818	
0.000000	0.000000	0.000000	0.000000	0.000000	0.000000	0.001615	0.000000	-0.000852	-0.004453	-0.000000	0.007096	0.002357	0.000000	0.011346	0.019809	0.000000	0.022039	0.034365	0.000000	0.036427	0.032462	0.000000	0.034546	
0.000000	0.000000	0.000000	0.000000	0.000000	0.000000	0.001638	0.000000	-0.000865	-0.004387	-0.000000	0.007116	0.002440	0.000000	0.011339	0.019983	0.000000	0.021882	0.034677	0.000000	0.036129	0.032756	0.000000	0.034266	
0.000000	0.000000	0.000000	0.000000	0.000000	0.000000	0.001660	0.000000	-0.000876	-0.004323	-0.000000	0.007136	0.002520	0.000000	0.011333	0.020157	0.000000	0.021717	0.034990	0.000000	0.035820	0.033050	0.000000	0.033977	
0.000000	0.000000	0.000000	0.000000	0.000000	0.000000	0.001680	0.000000	-0.000886	-0.004262	-0.000000	0.007158	0.002598	0.000000	0.011327	0.020331	0.000000	0.021546	0.035302	0.000000	0.035502	0.033345	0.000000	0.033678	
0.000000	0.000000	0.000000	0.000000	0.000000	0.000000	0.001698	0.000000	-0.000893	-0.004203	-0.000000	0.007180	0.002675	0.000000	0.011321	0.020507	0.000000	0.021368	0.035615	0.000000	0.035174	0.033640	0.000000	0.033369	
0.000000	0.000000	0.000000	0.000000	0.000000	0.000000	0.001716	0.000000	-0.000899	-0.004145	-0.000000	0.007204	0.002749	0.000000	0.011316	0.020682	0.000000	0.021182	0.035928	0.000000	0.034837	0.033935	0.000000	0.033051	
0.000000	0.000000	0.000000	0.000000	0.000000	0.000000	0.001734	0.000000	-0.000901	-0.004090	-0.000000	0.007228	0.002821	0.000000	0.011313	0.020856	0.000000	0.020990	0.036241	0.000000	0.034488	0.034229	0.000000	0.032723	
0.000000	0.000000	0.000000	0.000000	0.000000	0.000000	0.001753	0.000000	-0.000902	-0.004036	-0.000000	0.007253	0.002891	0.000000	0.011310	0.021030	0.000000	0.020791	0.036554	0.000000	0.034129	0.034524	0.000000	0.032385	
0.000000	0.000000	0.000000	0.000000	0.000000	0.000000	0.001769	0.000000	-0.000901	-0.003983	-0.000000	0.007279	0.002962	0.000000	0.011305	0.021204	0.000000	0.020586	0.036867	0.000000	0.033761	0.034819	0.000000	0.032038	
0.000000	0.000000	0.000000	0.000000	0.000000	0.000000	0.001785	0.000000	-0.000900	-0.003930	-0.000000	0.007306	0.003034	0.000000	0.011300	0.021378	0.000000	0.020376	0.037181	0.000000	0.033383	0.035115	0.000000	0.031682	
0.000000	0.000000	0.000000	0.000000	0.000000	0.000000	0.001805	0.000000	-0.000893	-0.003879	-0.000000	0.007334	0.003101	0.000000	0.011299	0.021550	0.000000	0.020161	0.037495	0.000000	0.032993	0.035410	0.000000	0.031316	
0.000000	0.000000	0.000000	0.000000	0.000000	0.000000	0.001833	0.000000	-0.000878	-0.003832	-0.000000	0.007363	0.003162	0.000000	0.011305	0.021716	0.000000	0.019944	0.037808	0.000000	0.032591	0.035704	0.000000	0.030938	
0.000000	0.000000	0.000000	0.000000	0.000000	0.000000	0.001860	0.000000	-0.000863	-0.003784	-0.000000	0.007393	0.003222	0.000000	0.011312	0.021882	0.000000	0.019723	0.038121	0.000000	0.032179	0.035998	0.000000	0.030551	
0.000000	0.000000	0.000000	0.000000	0.000000	0.000000	0.001883	0.000000	-0.000849	-0.003733	-0.000000	0.007425	0.003288	0.000000	0.011317	0.022048	0.000000	0.019499	0.038437	0.000000	0.031759	0.036294	0.000000	0.030156	
0.000000	0.000000	0.000000	0.000000	0.000000	0.000000	0.001906	0.000000	-0.000835	-0.003682	-0.000000	0.007458	0.003353	0.000000	0.011323	0.022214	0.000000	0.019272	0.038753	0.000000	0.031329	0.036591	0.000000	0.029752	
0.000000	0.000000	0.000000	0.000000	0.000000	0.000000	0.001930	0.000000	-0.000820	-0.003631	-0.000000	0.007492	0.003420	0.000000	0.011331	0.022378	0.000000	0.019042	0.039069	0.000000	0.030888	0.036887	0.000000	0.029339	
0.000000	0.000000	0.000000	0.000000	0.000000	0.000000	0.001950	0.000000	-0.000807	-0.003576	-0.000000	0.007528	0.003491	-0.000000	0.011336	0.022545	0.000000	0.018809	0.039387	0.000000	0.030438	0.037185	0.000000	0.028918	
0.000000	0.000000	0.000000	0.000000	0.000000	0.000000	0.001968	0.000000	-0.000795	-0.003519	-0.000000	0.007565	0.003565	-0.000000	0.011341	0.022712	0.000000	0.018573	0.039706	0.000000	0.029980	0.037484	0.000000	0.028488	
0.000000	0.000000	0.000000	0.000000	0.000000	0.000000	0.001984	0.000000	-0.000785	-0.003459	-0.000000	0.007604	0.003644	-0.000000	0.011344	0.022881	0.000000	0.018333	0.040026	0.000000	0.029511	0.037784	0.000000	0.028050	
0.000000	0.000000	0.000000	0.000000	0.000000	0.000000	0.002005	0.000000	-0.000770	-0.003397	-0.000000	0.007645	0.003723	-0.000000	0.011352	0.023050	0.000000	0.018089	0.040345	0.000000	0.029033	0.038084	0.000000	0.027602	
0.000000	0.000000	0.000000	0.000000	0.000000	0.000000	0.002038	0.000000	-0.000746	-0.003336	-0.000000	0.007688	0.003799	-0.000000	0.011368	0.023215	0.000000	0.017841	0.040663	0.000000	0.028541	0.038382	0.000000	0.027142	
0.000000	0.000000	0.000000	0.000000	0.000000	0.000000	0.002077	0.000000	-0.000716	-0.003273	-0.000000	0.007733	0.003873	-0.000000	0.011392	0.023379	0.000000	0.017590	0.040978	0.000000	0.028038	0.038677	0.000000	0.026672	
0.000000	0.000000	0.000000	0.000000	0.000000	0.000000	0.002117	0.000000	-0.000687	-0.003206	-0.000000	0.007778	0.003949	-0.000000	0.011418	0.023543	0.000000	0.017334	0.041293	0.000000	0.027524	0.038972	0.000000	0.026191	
0.000000	0.000000	0.000000	0.000000	0.000000	0.000000	0.002167	0.000000	-0.000649	-0.003137	-0.000000	0.007828	0.004026	-0.000000	0.011452	0.023706	0.000000	0.017075	0.041606	0.000000	0.026998	0.039266	0.000000	0.025700	
0.000000	0.000000	0.000000	0.000000	0.000000	0.000000	0.002228	0.000000	-0.000600	-0.003067	-0.000000	0.007883	0.004103	-0.000000	0.011494	0.023868	0.000000	0.016812	0.041918	0.000000	0.026460	0.039558	0.000000	0.025199	
0.000000	0.000000	0.000000	0.000000	0.000000	0.000000	0.002290	0.000000	-0.000551	-0.002991	-0.000000	0.007940	0.004184	-0.000000	0.011541	0.024030	0.000000	0.016546	0.042228	0.000000	0.025912	0.039849	0.000000	0.024687	
0.000000	0.000000	0.000000	0.000000	0.000000	0.000000	0.002357	0.000000	-0.000501	-0.002911	-0.000000	0.007999	0.004268	-0.000000	0.011591	0.024192	0.000000	0.016276	0.042537	0.000001	0.025352	0.040138	0.000000	0.024165	
0.000000	0.000000	0.000000	0.000000	0.000000	0.000000	0.002419	0.000000	-0.000456	-0.002826	-0.000000	0.008058	0.004359	-0.000000	0.011638	0.024356	0.000000	0.016000	0.042844	0.000001	0.024781	0.040427	0.000000	0.023633	
0.000000	0.000000	0.000000	0.000000	0.000000	0.000000	0.002476	0.000000	-0.000416	-0.002736	-0.000000	0.008119	0.004458	-0.000000	0.011680	0.024523	0.000000	0.015718	0.043150	0.000001	0.024200	0.040715	0.000000	0.023091	
0.000000	0.000000	0.000000	0.000000	0.000000	0.000000	0.002526	0.000000	-0.000380	-0.002641	-0.000000	0.008181	0.004567	-0.000000	0.011716	0.024694	0.000000	0.015430	0.043456	0.000001	0.023610	0.041003	0.000000	0.022540	
0.000000	0.000000	0.000000	0.000000	0.000000	0.000000	0.002582	0.000000	-0.000340	-0.002542	-0.000000	0.008247	0.004682	-0.000000	0.011750	0.024867	0.000000	0.015136	0.043759	0.000001	0.023008	0.041289	0.000000	0.021979	
0.000000	0.000000	0.000000	0.000000	0.000000	0.000000	0.002644	0.000000	-0.000296	-0.002438	-0.000000	0.008317	0.004803	-0.000000	0.011783	0.025041	0.000000	0.014838	0.044061	0.000001	0.022396	0.041574	0.000000	0.021408	
0.000000	0.000000	0.000000	0.000000	0.000000	0.000000	0.002699	0.000000	-0.000258	-0.002328	-0.000000	0.008387	0.004933	-0.000000	0.011812	0.025218	0.000000	0.014533	0.044362	0.000001	0.021774	0.041859	0.000000	0.020827	
0.000000	0.000000	0.000000	0.000000	0.000000	0.000000	0.002757	0.000000	-0.000218	-0.002212	-0.000000	0.008460	0.005070	-0.000000	0.011839	0.025398	0.000000	0.014223	0.044661	0.000001	0.021140	0.042142	0.000000	0.020236	
0.000000	0.000000	0.000000	0.000000	0.000000	0.000000	0.002817	0.000000	-0.000177	-0.002090	-0.000000	0.008537	0.005216	-0.000000	0.011863	0.025581	0.000000	0.013907	0.044958	0.000001	0.020497	0.042424	0.000001	0.019635	
0.000000	0.000000	0.000000	0.000000	0.000000	0.000000	0.002868	0.000000	-0.000141	-0.001962	-0.000000	0.008616	0.005372	-0.000000	0.011882	0.025768	0.000000	0.013584	0.045255	0.000001	0.019843	0.042707	0.000001	0.019025	
0.000000	0.000000	0.000000	0.000000	0.000000	0.000000	0.002917	0.000000	-0.000106	-0.001826	-0.000000	0.008697	0.005537	-0.000000	0.011896	0.025959	0.000000	0.013254	0.045549	0.000001	0.019180	0.042988	0.000001	0.018405	
0.000000	0.000000	0.000000	0.000000	0.000000	0.000000	0.002964	0.000000	-0.000073	-0.001684	-0.000000	0.008781	0.005711	-0.000000	0.011904	0.026153	0.000000	0.012917	0.045842	0.000001	0.018506	0.043268	0.000001	0.017775	
0.000000	0.000000	0.000000	0.000000	0.000000	0.000000	0.003013	0.000000	-0.000037	-0.001535	-0.000000	0.008869	0.005895	-0.000000	0.011910	0.026351	0.000000	0.012573	0.046134	0.000001	0.017822	0.043547	0.000001	0.017135	
0.000000	0.000000	0.000000	0.000000	0.000000	0.000000	0.003068	0.000000	0.000002	-0.001378	-0.000000	0.008960	0.006086	-0.000000	0.011913	0.026551	0.000000	0.012223	0.046422	0.000001	0.017127	0.043824	0.000001	0.016486	
0.000000	0.000000	0.000000	0.000000	0.000000	0.000000	0.003069	0.000000	0.000011	-0.001211	-0.000000	0.009049	0.006290	-0.000000	0.011910	0.026757	0.000000	0.011865	0.046710	0.000001	0.016423	0.044101	0.000001	0.015827	
0.000000	0.000000	0.000000	0.000000	0.000000	0.000000	0.003077	0.000000	0.000013	-0.001033	-0.000000	0.009130	0.006503	-0.000000	0.011896	0.026966	0.000000	0.011496	0.046996	0.000001	0.015707	0.044377	0.000001	0.015156	
0.000000	0.000000	0.000000	0.000000	0.000000	0.000000	0.003191	0.000000	0.000050	-0.000846	-0.000000	0.009199	0.006723	-0.000000	0.011875	0.027176	0.000000	0.011118	0.047275	0.000001	0.014981	0.044647	0.000001	0.014476	
0.000000	0.000000	0.000000	0.000000	0.000000	0.000000	0.003345	0.000000	0.000083	-0.000645	-0.000000	0.009252	0.006951	-0.000000	0.011849	0.027387	0.000000	0.010732	0.047551	0.000001	0.014244	0.044915	0.000001	0.013785	
0.000000	0.000000	0.000000	0.000000	0.000000	0.000000	0.003523	0.000000	0.000103	-0.000431	-0.000000	0.009289	0.007188	-0.000000	0.011818	0.027601	0.000000	0.010339	0.047824	0.000001	0.013496	0.045180	0.000001	0.013083	
0.000000	0.000000	0.000000	0.000000	0.000000	0.000000	0.003751	0.000000	0.000097	-0.000192	-0.000000	0.009286	0.007434	-0.000000	0.011794	0.027817	0.000000	0.009942	0.048092	0.000001	0.012736	0.045441	0.000001	0.012371	
0.000000	0.000000	0.000000	0.000000	0.000000	0.000000	0.004056	0.000000	0.000072	0.000070	-0.000000	0.009243	0.007688	-0.000000	0.011775	0.028032	0.000000	0.009542	0.048356	0.000001	0.011965	0.045699	0.000001	0.011648	
0.000000	0.000000	0.000000	0.000000	0.000000	0.000000	0.004382	0.000000	0.000025	0.000349	-0.000000	0.009176	0.007952	-0.000000	0.011753	0.028251	0.000000	0.009136	0.048615	0.000001	0.011182	0.045953	0.000001	0.010915	
0.000000	0.000000	0.000000	0.000000	0.000000	0.000000	0.004681	0.000000	-0.000026	0.000634	-0.000000	0.009119	0.008227	-0.000000	0.011725	0.028473	0.000000	0.008723	0.048872	0.000001	0.010390	0.046205	0.000001	0.010172	
0.000000	0.000000	0.000000	0.000000	0.000000	0.000000	0.004991	0.000000	-0.000074	0.000927	-0.000000	0.009063	0.008513	-0.000000	0.011689	0.028699	0.000000	0.008303	0.049126	0.000001	0.009587	0.046455	0.000001	0.009419	
0.000000	0.000000	0.000000	0.000000	0.000000	0.000000	0.005264	0.000000	-0.000117	0.001222	-0.000000	0.009029	0.008812	-0.000000	0.011644	0.028929	0.000000	0.007877	0.049377	0.000001	0.008774	0.046704	0.000001	0.008657	
0.000000	0.000000	0.000000	0.000000	0.000000	0.000000	0.005515	0.000000	-0.000158	0.001521	-0.000000	0.009010	0.009123	-0.000000	0.011589	0.029166	0.000000	0.007444	0.049627	0.000001	0.007951	0.046952	0.000001	0.007885	
0.000000	0.000000	0.000000	0.000000	0.000000	0.000000	0.005744	0.000000	-0.000197	0.001826	-0.000000	0.009003	0.009447	-0.000000	0.011525	0.029408	0.000000	0.007003	0.049875	0.000001	0.007119	0.047199	0.000001	0.007104	
0.000000	0.000000	0.000000	0.000000	0.000000	0.000000	0.005958	0.000000	-0.000233	0.002136	-0.000000	0.009008	0.009783	-0.000000	0.011452	0.029656	0.000000	0.006555	0.050121	0.000001	0.006277	0.047445	0.000001	0.006314	
0.000000	0.000000	0.000000	0.000000	0.000000	0.000000	0.006161	0.000000	-0.000266	0.002454	-0.000000	0.009022	0.010130	-0.000000	0.011370	0.029907	0.000000	0.006098	0.050363	0.000001	0.005426	0.047688	0.000001	0.005514	
0.000000	0.000000	0.000000	0.000000	0.000000	0.000000	0.006351	0.000000	-0.000296	0.002780	-0.000000	0.009045	0.010490	-0.000000	0.011280	0.030163	0.000000	0.005633	0.050602	0.000001	0.004564	0.047930	0.000001	0.004704	
0.000000	0.000000	0.000000	0.000000	0.000000	0.000000	0.006526	0.000000	-0.000323	0.003116	-0.000000	0.009077	0.010863	-0.000000	0.011181	0.030425	0.000000	0.005160	0.050839	0.000001	0.003694	0.048170	0.000001	0.003885	
0.000000	0.000000	0.000000	0.000000	0.000000	0.000000	0.006687	0.000000	-0.000348	0.003464	-0.000000	0.009119	0.011250	-0.000000	0.011071	0.030693	0.000000	0.004677	0.051075	0.000001	0.002814	0.048410	0.000001	0.003057	
0.000000	0.000000	0.000000	0.000000	0.000000	0.000000	0.006838	0.000000	-0.000366	0.003823	-0.000000	0.009168	0.011650	-0.000000	0.010952	0.030966	0.000000	0.004185	0.051308	0.000001	0.001925	0.048648	0.000001	0.002220	
0.000000	0.000000	0.000000	0.000000	0.000000	0.000000	0.006988	0.000000	-0.000380	0.004195	-0.000000	0.009222	0.012061	-0.000000	0.010823	0.031242	0.000000	0.003683	0.051536	0.000001	0.001026	0.048883	0.000001	0.001374	
0.000000	0.000000	0.000000	0.000000	0.000000	0.000000	0.007124	0.000000	-0.000390	0.004564	-0.000000	0.009277	0.012464	-0.000000	0.010700	0.031508	0.000000	0.003201	0.051748	0.000001	0.000164	0.049102	0.000001	0.000561	
0.000000	0.000000	0.000000	0.000000	0.000000	0.000000	0.007257	0.000000	-0.000388	0.004922	-0.000000	0.009336	0.012851	-0.000000	0.010586	0.031758	0.000000	0.002747	0.051941	0.000001	-0.000652	0.049302	0.000001	-0.000208	
0.000000	0.000000	0.000000	0.000000	0.000000	0.000000	0.007391	0.000000	-0.000374	0.005249	-0.000000	0.009394	0.013201	-0.000000	0.010497	0.031977	0.000000	0.002351	0.052102	0.000001	-0.001376	0.049471	0.000001	-0.000889	
0.000000	0.000000	0.000000	0.000000	0.000000	0.000000	0.007534	0.000000	-0.000340	0.005550	-0.000000	0.009462	0.013520	-0.000000	0.010424	0.032172	0.000000	0.001998	0.052239	0.000001	-0.002028	0.049616	0.000001	-0.001502	
0.000000	0.000000	0.000000	0.000000	0.000000	0.000000	0.007684	0.000000	-0.000293	0.005828	-0.000000	0.009534	0.013812	-0.000000	0.010370	0.032346	0.000000	0.001687	0.052357	0.000001	-0.002613	0.049740	0.000001	-0.002051	
0.000000	0.000000	0.000000	0.000000	0.000000	0.000000	0.007828	0.000000	-0.000246	0.006087	-0.000000	0.009601	0.014081	-0.000000	0.010336	0.032502	0.000000	0.001416	0.052457	0.000001	-0.003135	0.049848	0.000001	-0.002540	
0.000000	0.000000	0.000000	0.000000	0.000000	0.000000	0.007968	0.000000	-0.000198	0.006325	-0.000000	0.009666	0.014327	-0.000000	0.010317	0.032641	0.000000	0.001180	0.052543	0.000001	-0.003599	0.049941	0.000001	-0.002974	
0.000000	0.000000	0.000000	0.000000	0.000000	0.000000	0.008101	0.000000	-0.000150	0.006545	-0.000000	0.009728	0.014551	-0.000000	0.010311	0.032766	0.000000	0.000978	0.052616	0.000001	-0.004009	0.050021	0.000001	-0.003357	
0.000000	0.000000	0.000000	0.000000	0.000000	0.000000	0.008227	0.000000	-0.000102	0.006745	-0.000000	0.009788	0.014755	-0.000000	0.010317	0.032878	0.000000	0.000806	0.052680	0.000001	-0.004370	0.050091	0.000001	-0.003694	
0.000000	0.000000	0.000000	0.000000	0.000000	0.000000	0.008346	0.000000	-0.000052	0.006928	-0.000000	0.009847	0.014941	-0.000000	0.010333	0.032979	0.000000	0.000662	0.052735	0.000001	-0.004686	0.050152	0.000001	-0.003986	
0.000000	0.000000	0.000000	0.000000	0.000000	0.000000	0.008467	0.000000	0.000003	0.007094	-0.000000	0.009908	0.015109	-0.000000	0.010358	0.033069	0.000000	0.000544	0.052783	0.000001	-0.004959	0.050205	0.000001	-0.004239	
0.000000	0.000000	0.000000	0.000000	0.000000	0.000000	0.008554	0.000000	0.000047	0.007245	-0.000000	0.009961	0.015261	-0.000000	0.010392	0.033151	0.000000	0.000449	0.052825	0.000001	-0.005194	0.050252	0.000001	-0.004456	
0.000000	0.000000	0.000000	0.000000	0.000000	0.000000	0.008634	0.000000	0.000082	0.007381	-0.000000	0.010003	0.015398	-0.000000	0.010431	0.033224	0.000000	0.000376	0.052861	0.000001	-0.005393	0.050294	0.000001	-0.004639	
0.000000	0.000000	0.000000	0.000000	0.000000	0.000000	0.008692	0.000000	0.000106	0.007505	-0.000000	0.010035	0.015520	-0.000000	0.010476	0.033290	0.000000	0.000321	0.052894	0.000001	-0.005561	0.050331	0.000001	-0.004792	
0.000000	0.000000	0.000000	0.000000	0.000000	0.000000	0.008650	0.000000	0.000113	0.007617	-0.000000	0.010059	0.015631	-0.000000	0.010528	0.033350	0.000000	0.000284	0.052923	0.000001	-0.005700	0.050364	0.000001	-0.004917	
0.000000	0.000000	0.000000	0.000000	0.000000	0.000000	0.008587	0.000000	0.000110	0.007719	-0.000000	0.010072	0.015730	-0.000000	0.010582	0.033404	0.000000	0.000261	0.052949	0.000001	-0.005814	0.050394	0.000001	-0.005020	
0.000000	0.000000	0.000000	0.000000	0.000000	0.000000	0.008547	0.000000	0.000100	0.007811	-0.000000	0.010073	0.015818	-0.000000	0.010639	0.033453	0.000000	0.000250	0.052972	0.000001	-0.005905	0.050420	0.000001	-0.005100	
0.000000	0.000000	0.000000	0.000000	0.000000	0.000000	0.008453	-0.000000	0.000079	0.007894	-0.000000	0.010063	0.015897	-0.000000	0.010699	0.033496	0.000000	0.000251	0.052993	0.000001	-0.005975	0.050444	0.000001	-0.005161	
0.000000	0.000000	0.000000	0.000000	0.000000	0.000000	0.008301	-0.000000	0.000045	0.007971	-0.000000	0.010040	0.015967	-0.000000	0.010761	0.033534	0.000000	0.000260	0.053012	0.000001	-0.006028	0.050465	0.000001	-0.005206	
0.000000	0.000000	0.000000	0.000000	0.000000	0.000000	0.008182	-0.000000	0.000006	0.008041	-0.000000	0.010005	0.016027	-0.000000	0.010822	0.033567	0.000000	0.000275	0.053028	0.000001	-0.006065	0.050483	0.000001	-0.005236	
0.000000	0.000000	0.000000	0.000000	0.000000	0.000000	0.008106	-0.000000	-0.000028	0.008102	-0.000000	0.009972	0.016078	-0.000000	0.010883	0.033595	0.000000	0.000298	0.053041	0.000001	-0.006086	0.050499	0.000001	-0.005251	
0.000000	0.000000	0.000000	0.000000	0.000000	0.000000	0.008010	0.000000	-0.000063	0.008156	-0.000000	0.009936	0.016120	-0.000000	0.010943	0.033618	0.000000	0.000326	0.053053	0.000001	-0.006092	0.050512	0.000001	-0.005253	
0.000000	0.000000	0.000000	0.000000	0.000000	0.000000	0.007931	0.000000	-0.000092	0.008202	-0.000000	0.009905	0.016154	-0.000000	0.011002	0.033637	0.000000	0.000360	0.053063	0.000001	-0.006085	0.050523	0.000001	-0.005242	
0.000000	0.000000	0.000000	0.000000	0.000000	0.000000	0.007859	0.000000	-0.000118	0.008241	-0.000000	0.009874	0.016180	-0.000000	0.011060	0.033651	0.000000	0.000399	0.053072	0.000001	-0.006064	0.050533	0.000001	-0.005219	
0.000000	0.000000	0.000000	0.000000	0.000000	0.000000	0.007806	0.000001	-0.000131	0.008268	0.000000	0.009859	0.016197	0.000000	0.011113	0.033662	0.000000	0.000440	0.053079	0.000001	-0.006030	0.050540	0.000001	-0.005184	
0.000000	0.000000	0.000000	0.000000	0.000000	0.000000	0.007767	0.000001	-0.000127	0.008285	0.000000	0.009860	0.016207	0.000000	0.011161	0.033668	0.000000	0.000485	0.053086	0.000001	-0.005985	0.050547	0.000001	-0.005139	
0.000000	0.000000	0.000000	0.000000	0.000000	0.000000	0.007736	0.000001	-0.000111	0.008292	0.000000	0.009873	0.016208	0.000000	0.011206	0.033672	0.000001	0.000533	0.053092	0.000001	-0.005930	0.050553	0.000001	-0.005085	
0.000000	0.000000	0.000000	0.000000	0.000000	0.000000	0.007721	0.000001	-0.000085	0.008288	0.000000	0.009898	0.016202	0.000000	0.011243	0.033673	0.000001	0.000581	0.053099	0.000001	-0.005864	0.050559	0.000001	-0.005022	
0.000000	0.000000	0.000000	0.000000	0.000000	0.000000	0.007714	0.000001	-0.000057	0.008274	0.000001	0.009927	0.016188	0.000000	0.011274	0.033671	0.000001	0.000631	0.053105	0.000001	-0.005790	0.050564	0.000001	-0.004950	
0.000000	0.000000	0.000000	0.000000	0.000000	0.000000	0.007703	0.000001	-0.000022	0.008253	0.000001	0.009963	0.016169	0.000000	0.011300	0.033667	0.000001	0.000683	0.053110	0.000001	-0.005708	0.050568	0.000001	-0.004872	
0.000000	0.000000	0.000000	0.000000	0.000000	0.000000	0.007686	0.000001	0.000015	0.008225	0.000001	0.010001	0.016143	0.000001	0.011321	0.033660	0.000001	0.000736	0.053116	0.000001	-0.005619	0.050572	0.000001	-0.004788	
0.000000	0.000000	0.000000	0.000000	0.000000	0.000000	0.007693	0.000001	0.000045	0.008190	0.000001	0.010033	0.016111	0.000001	0.011335	0.033652	0.000001	0.000788	0.053121	0.000001	-0.005524	0.050576	0.000001	-0.004699	
0.000000	0.000000	0.000000	0.000000	0.000000	0.000000	0.007689	0.000002	0.000064	0.008150	0.000001	0.010054	0.016074	0.000001	0.011342	0.033642	0.000001	0.000840	0.053127	0.000001	-0.005424	0.050579	0.000001	-0.004605	
0.000000	0.000000	0.000000	0.000000	0.000000	0.000000	0.007676	0.000002	0.000073	0.008107	0.000001	0.010064	0.016032	0.000001	0.011343	0.033629	0.000001	0.000892	0.053131	0.000001	-0.005319	0.050582	0.000001	-0.004507	
0.000000	0.000000	0.000000	0.000000	0.000000	0.000000	0.007649	0.000002	0.000071	0.008059	0.000001	0.010062	0.015985	0.000001	0.011338	0.033615	0.000001	0.000942	0.053136	0.000001	-0.005210	0.050584	0.000001	-0.004406	
0.000000	0.000000	0.000000	0.000000	0.000000	0.000000	0.007596	0.000002	0.000057	0.008009	0.000001	0.010048	0.015934	0.000001	0.011328	0.033600	0.000001	0.000992	0.053140	0.000001	-0.005098	0.050585	0.000001	-0.004301	
0.000000	0.000000	0.000000	0.000000	0.000000	0.000000	0.007560	0.000002	0.000034	0.007955	0.000002	0.010026	0.015879	0.000001	0.011310	0.033582	0.000001	0.001039	0.053144	0.000001	-0.004982	0.050586	0.000001	-0.004195	
0.000000	0.000000	0.000000	0.000000	0.000000	0.000000	0.007530	0.000002	0.000001	0.007897	0.000002	0.009995	0.015820	0.000001	0.011286	0.033563	0.000001	0.001084	0.053147	0.000001	-0.004864	0.050586	0.000001	-0.004087	
0.000000	0.000000	0.000000	0.000000	0.000000	0.000000	0.007501	0.000002	-0.000032	0.007836	0.000002	0.009962	0.015758	0.000001	0.011257	0.033542	0.000001	0.001127	0.053149	0.000001	-0.004744	0.050586	0.000001	-0.003977	
0.000000	0.000000	0.000000	0.000000	0.000000	0.000000	0.007441	0.000002	-0.000061	0.007772	0.000002	0.009933	0.015695	0.000001	0.011225	0.033521	0.000001	0.001168	0.053152	0.000001	-0.004623	0.050585	0.000001	-0.003866	
0.000000	0.000000	0.000000	0.000000	0.000000	0.000000	0.007379	0.000003	-0.000075	0.007704	0.000002	0.009919	0.015630	0.000001	0.011189	0.033499	0.000001	0.001209	0.053153	0.000000	-0.004500	0.050584	0.000001	-0.003754	
0.000000	0.000000	0.000000	0.000000	0.000000	0.000000	0.007313	0.000003	-0.000083	0.007632	0.000002	0.009911	0.015564	0.000002	0.011150	0.033475	0.000001	0.001247	0.053155	0.000000	-0.004377	0.050582	0.000001	-0.003642	
0.000000	0.000000	0.000000	0.000000	0.000000	0.000000	0.007244	0.000003	-0.000088	0.007557	0.000002	0.009908	0.015495	0.000002	0.011106	0.033451	0.000001	0.001283	0.053155	0.000000	-0.004253	0.050579	0.000001	-0.003530	
0.000000	0.000000	0.000000	0.000000	0.000000	0.000000	0.007179	0.000003	-0.000092	0.007480	0.000002	0.009904	0.015424	0.000002	0.011056	0.033425	0.000001	0.001315	0.053155	0.000000	-0.004129	0.050575	0.000001	-0.003417	
0.000000	0.000000	0.000000	0.000000	0.000000	0.000000	0.007118	0.000003	-0.000096	0.007399	0.000002	0.009900	0.015351	0.000002	0.010999	0.033398	0.000001	0.001344	0.053153	0.000000	-0.004005	0.050570	0.000001	-0.003306	
0.000000	0.000000	0.000000	0.000000	0.000000	0.000000	0.007060	0.000003	-0.000100	0.007316	0.000002	0.009897	0.015276	0.000002	0.010937	0.033369	0.000001	0.001370	0.053151	0.000000	-0.003881	0.050565	0.000001	-0.003195	
0.000000	0.000000	0.000000	0.000000	0.000000	0.000000	0.007014	0.000003	-0.000096	0.007228	0.000002	0.009902	0.015197	0.000002	0.010868	0.033339	0.000001	0.001392	0.053147	0.000000	-0.003758	0.050557	0.000001	-0.003084	
0.000000	0.000000	0.000000	0.000000	0.000000	0.000000	0.006979	0.000003	-0.000084	0.007136	0.000002	0.009915	0.015116	0.000002	0.010791	0.033306	0.000001	0.001409	0.053142	0.000000	-0.003635	0.050549	0.000001	-0.002975	
0.000000	0.000000	0.000000	0.000000	0.000000	0.000000	0.006954	0.000003	-0.000065	0.007042	0.000003	0.009934	0.015032	0.000002	0.010707	0.033272	0.000001	0.001423	0.053135	0.000000	-0.003513	0.050538	0.000001	-0.002868	
0.000000	0.000000	0.000000	0.000000	0.000000	0.000000	0.006933	0.000003	-0.000037	0.006944	0.000003	0.009963	0.014945	0.000002	0.010616	0.033236	0.000001	0.001432	0.053126	0.000000	-0.003393	0.050526	0.000001	-0.002762	
0.000000	0.000000	0.000000	0.000000	0.000000	0.000000	0.006915	0.000003	0.000001	0.006844	0.000003	0.010001	0.014855	0.000002	0.010517	0.033198	0.000001	0.001437	0.053115	0.000000	-0.003274	0.050511	0.000001	-0.002658	
0.000000	0.000000	0.000000	0.000000	0.000000	0.000000	0.006877	0.000003	0.000036	0.006743	0.000003	0.010035	0.014762	0.000002	0.010412	0.033157	0.000001	0.001438	0.053101	0.000000	-0.003158	0.050494	0.000001	-0.002557	
0.000000	0.000000	0.000000	0.000000	0.000000	0.000000	0.006762	0.000003	0.000059	0.006643	0.000003	0.010058	0.014667	0.000002	0.010301	0.033114	0.000001	0.001436	0.053086	0.000000	-0.003042	0.050475	0.000001	-0.002456	
0.000000	0.000000	0.000000	0.000000	0.000000	0.000000	0.006556	0.000003	0.000071	0.006543	0.000003	0.010071	0.014570	0.000002	0.010184	0.033071	0.000001	0.001431	0.053068	0.000000	-0.002928	0.050454	0.000001	-0.002358	
0.000000	0.000000	0.000000	0.000000	0.000000	0.000000	0.006330	0.000003	0.000073	0.006443	0.000003	0.010072	0.014471	0.000002	0.010059	0.033026	0.000001	0.001421	0.053049	0.000000	-0.002816	0.050431	0.000001	-0.002262	
0.000000	0.000000	0.000000	0.000000	0.000000	0.000000	0.006163	0.000003	0.000065	0.006343	0.000002	0.010063	0.014369	0.000002	0.009927	0.032978	0.000001	0.001406	0.053028	0.000000	-0.002707	0.050407	0.000001	-0.002169	
0.000000	0.000000	0.000000	0.000000	0.000000	0.000000	0.005990	0.000003	0.000048	0.006243	0.000002	0.010045	0.014266	0.000002	0.009787	0.032930	0.000001	0.001386	0.053005	0.000000	-0.002598	0.050381	0.000001	-0.002077	
0.000000	0.000000	0.000000	0.000000	0.000000	0.000000	0.005754	0.000003	0.000024	0.006143	0.000002	0.010017	0.014161	0.000002	0.009639	0.032880	0.000001	0.001362	0.052981	0.000000	-0.002492	0.050353	0.000001	-0.001988	
0.000000	0.000000	0.000000	0.000000	0.000000	0.000000	0.005534	0.000003	-0.000010	0.006043	0.000002	0.009977	0.014055	0.000002	0.009482	0.032829	0.000001	0.001331	0.052955	0.000000	-0.002389	0.050324	0.000001	-0.001902	
0.000000	0.000000	0.000000	0.000000	0.000000	0.000000	0.005368	0.000003	-0.000041	0.005944	0.000002	0.009943	0.013948	0.000002	0.009320	0.032777	0.000001	0.001296	0.052928	0.000000	-0.002286	0.050293	0.000001	-0.001818	
0.000000	0.000000	0.000000	0.000000	0.000000	0.000000	0.005221	0.000003	-0.000065	0.005848	0.000002	0.009915	0.013839	0.000002	0.009150	0.032723	0.000001	0.001257	0.052898	0.000000	-0.002185	0.050260	0.000001	-0.001735	
0.000000	0.000000	0.000000	0.000000	0.000000	0.000000	0.005084	0.000003	-0.000086	0.005752	0.000002	0.009892	0.013727	0.000002	0.008972	0.032667	0.000001	0.001213	0.052866	0.000000	-0.002085	0.050225	0.000001	-0.001654	
0.000000	0.000000	0.000000	0.000000	0.000000	0.000000	0.004955	0.000003	-0.000104	0.005659	0.000002	0.009871	0.013613	0.000002	0.008786	0.032609	0.000001	0.001165	0.052832	0.000000	-0.001986	0.050188	0.000001	-0.001574	
0.000000	0.000000	0.000000	0.000000	0.000000	0.000000	0.004836	0.000003	-0.000120	0.005569	0.000002	0.009853	0.013497	0.000002	0.008592	0.032548	0.000001	0.001112	0.052794	0.000000	-0.001887	0.050147	0.000001	-0.001495	
0.000000	0.000000	0.000000	0.000000	0.000000	0.000000	0.004714	0.000003	-0.000137	0.005486	0.000002	0.009833	0.013389	0.000002	0.008424	0.032489	0.000001	0.001069	0.052755	0.000000	-0.001790	0.050106	0.000001	-0.001417	
0.000000	0.000000	0.000000	0.000000	0.000000	0.000000	0.004588	0.000003	-0.000156	0.005412	0.000002	0.009809	0.013295	0.000002	0.008293	0.032434	0.000001	0.001040	0.052717	0.000000	-0.001698	0.050065	0.000001	-0.001340	
0.000000	0.000000	0.000000	0.000000	0.000000	0.000000	0.004460	0.000003	-0.000177	0.005345	0.000002	0.009783	0.013213	0.000002	0.008188	0.032384	0.000001	0.001021	0.052681	0.000000	-0.001610	0.050027	0.000001	-0.001266	
0.000000	0.000000	0.000000	0.000000	0.000000	0.000000	0.004329	0.000003	-0.000196	0.005284	0.000002	0.009758	0.013139	0.000002	0.008102	0.032337	0.000001	0.001009	0.052647	0.000000	-0.001525	0.049991	0.000001	-0.001194	
0.000000	0.000000	0.000000	0.000000	0.000000	0.000000	0.004201	0.000003	-0.000214	0.005226	0.000002	0.009733	0.013071	0.000002	0.008030	0.032295	0.000001	0.001003	0.052615	0.000000	-0.001445	0.049958	0.000001	-0.001125	
0.000000	0.000000	0.000000	0.000000	0.000000	0.000000	0.004085	0.000003	-0.000235	0.005173	0.000002	0.009706	0.013011	0.000002	0.007971	0.032256	0.000001	0.001004	0.052585	0.000000	-0.001367	0.049927	0.000001	-0.001057	
0.000000	0.000000	0.000000	0.000000	0.000000	0.000000	0.003979	0.000003	-0.000257	0.005122	0.000002	0.009677	0.012955	0.000002	0.007919	0.032220	0.000001	0.001009	0.052557	0.000000	-0.001293	0.049898	0.000001	-0.000992	
